61 42 37 62 44
83 42 18 89 54
53 12 5 60 31
56 28 1 70 47
59 56 54 71 57
39 21 7 86 33
48 29 21 68 37
40 21 10 87 29
77 33 13 78 73
71 23 2 84 65
30 21 3 33 28
73 31 23 85 42
61 23 4 64 42
71 60 17 85 66
67 60 12 72 66
62 50 46 76 58
65 32 20 73 43
61 56 55 71 58
67 38 18 89 41
66 41 32 79 59
74 35 25 86 37
61 45 1 82 60
58 20 7 83 35
46 37 7 51 40
74 6 2 80 47
44 5 1 88 22
71 33 23 89 34
77 56 4 89 74
52 18 17 75 51
77 29 7 80 30
35 18 17 90 28
53 24 6 79 25
38 12 7 90 18
55 28 25 74 45
74 29 10 86 60
50 24 7 76 25
54 40 20 90 52
83 30 16 87 81
50 22 20 67 23
80 68 59 85 75
70 45 32 78 55
56 40 13 76 55
73 14 3 83 24
66 25 23 76 28
39 33 24 54 34
61 28 12 70 34
69 4 1 74 8
49 15 4 59 46
71 31 24 73 67
46 26 12 49 36
59 20 9 68 21
